Name,Age,Computer-Language
Prosenjit,40,Java
Atreyee,15,Java
Artrika,11,Python
